ISS (ZARYA)             
1 25544U 98067A   22265.20642675  .00008385  00000+0  15359-3 0  9998
2 25544  51.6422 215.9238 0002409 280.4037  41.2070 15.50211491360227
AEROCUBE 12A            
1 43556U 18046C   22264.75045928  .00022324  00000+0  51186-3 0  9994
2 43556  51.6357  73.3070 0005984  24.7402 335.3870 15.42640547234160
AEROCUBE 12B            
1 43557U 18046D   22264.76547416  .00016382  00000+0  41423-3 0  9995
2 43557  51.6368  79.3239 0006311  22.7277 337.3985 15.39898033234035
LEMUR-2-VU              
1 43558U 18046E   22264.51980238  .00042732  00000+0  67506-3 0  9990
2 43558  51.6359  50.5178 0006057  19.9257 340.1969 15.53037033234442
LEMUR-2-ALEXANDER       
1 43559U 18046F   22264.65682697  .00051008  00000+0  74490-3 0  9990
2 43559  51.6378  46.9687 0004463  32.2812 327.8451 15.55128364234282
LEMUR-2-YUASA           
1 43560U 18046G   22264.52574484  .00045548  00000+0  69453-3 0  9997
2 43560  51.6380  50.5688 0004367  42.7757 317.3572 15.53994535234441
LEMUR-2-TOMHENDERSON    
1 43561U 18046H   22264.46395355  .00034120  00000+0  58702-3 0  9998
2 43561  51.6387  55.3583 0004748  42.7554 317.3804 15.50763604233933
ISS DEB (SEDA-AP)       
1 43870U 98067PU  22264.97721311  .01788398  12091-4  42217-3 0  9999
2 43870  51.6178  78.1901 0007929 288.3042  71.7117 16.28823258214334
STPSAT-4                
1 45043U 98067QY  22264.09467998  .00494918  12326-3  76439-3 0  9998
2 45043  51.6288 157.1075 0004817 214.3821 145.6879 16.03617076150671
SORTIE                  
1 45264U 98067RH  22261.74881051  .11750984  12589-4  19245-3 0  9996
2 45264  51.6256 159.3950 0006828 256.9388 103.0880 16.47726909147109
ICS-EF (ISS DEB)        
1 45265U 98067RJ  22264.14422149  .00037202  00000+0  34375-3 0  9993
2 45265  51.6353 187.7051 0004374 177.0254 183.0768 15.67175497146624
RED-EYE 2 (MERLOT)      
1 45800U 98067RM  22264.86293276  .00116637  00000+0  56939-3 0  9994
2 45800  51.6363 168.5175 0003583 163.7788 196.3329 15.81470657128801
RED-EYE 3 (CABERNET)    
1 45809U 98067RN  22264.23478431  .00129120  00000+0  63273-3 0  9992
2 45809  51.6380 171.8358 0003866 162.6606 197.4529 15.81343486127688
ISS DEB                 
1 47853U 98067RZ  22263.99308356  .00010543  00000+0  15934-3 0  9992
2 47853  51.6399 213.8286 0002196  26.0642 334.0460 15.55309749 86776
MMSATS-1                
1 47976U 98067SJ  22264.94712284  .00032586  00000+0  35058-3 0  9993
2 47976  51.6384 198.8854 0001972  72.8555  43.5945 15.63419060 85330
CSS (TIANHE)            
1 48274U 21035A   22264.54298611  .00001400  00000+0  19048-4 0  9998
2 48274  41.4731 351.8425 0004624 349.5071 205.7485 15.62580968 79838
ISS DEB                 
1 48833U 98067SK  22264.53545944  .00088329  00000+0  57909-3 0  9993
2 48833  51.6324 192.5499 0002500 107.3726 252.7547 15.75010456 74244
RAMSAT                  
1 48850U 98067SL  22264.23684604  .00314653  48869-4  89513-3 0  9994
2 48850  51.6321 182.2178 0004590 145.3519 214.7787 15.92793046 72461
ISS (NAUKA)             
1 49044U 21066A   22264.70851653  .00009386  00000+0  17101-3 0  9995
2 49044  51.6422 218.3938 0002276 282.3985 138.6673 15.50204806360151
FREGAT DEB              
1 49271U 11037PF  22264.51526344  .00027374  00000+0  72401-1 0  9998
2 49271  51.7030 332.0830 1043355 236.5009 113.1867 11.95850949 58636
BINAR-1                 
1 49272U 98067SR  22264.18456106  .00662950  21808-3  10605-2 0  9995
2 49272  51.6223 184.7473 0004479 181.3940 178.7059 16.03029378 54813
1998-067TD              
1 51441U 98067TD  22263.92411648  .00108494  00000+0  74355-3 0  9997
2 51441  51.6325 204.2401 0004139 191.2890 168.8017 15.73891883 37148
PATCOOL                 
1 51442U 98067TE  22264.25974320  .00107204  00000+0  72241-3 0  9996
2 51442  51.6327 201.9507 0003591 193.5389 166.5514 15.74291458 37163
LIGHT-1                 
1 51509U 98067TG  22264.87931170  .00050483  00000+0  47023-3 0  9990
2 51509  51.6374 203.9240 0007291 209.8322 150.2259 15.66817097 35971
PROGRESS-MS 19          
1 51660U 22014A   22264.70851653  .00009386  00000+0  17101-3 0  9996
2 51660  51.6422 218.3938 0002276 282.3985 138.6673 15.50204806360158
SOYUZ-MS 21             
1 52086U 22028A   22264.70851653  .00009386  00000+0  17101-3 0  9994
2 52086  51.6422 218.3938 0002276 282.3985 138.6673 15.50204806360151
IHI-SAT                 
1 52147U 98067TJ  22264.68599690  .00110199  00000+0  10049-2 0  9993
2 52147  51.6329 208.5923 0001377 173.0082 187.0934 15.67041782 28345
KITSUNE                 
1 52148U 98067TK  22264.92933197  .00040104  00000+0  50128-3 0  9996
2 52148  51.6397 210.8615 0001271 262.4692 168.4221 15.59419592 28271
CREW DRAGON 4           
1 52318U 22042A   22264.70851653  .00009386  00000+0  17101-3 0  9998
2 52318  51.6422 218.3938 0002276 282.3985 138.6673 15.50204806360159
TIANZHOU-4              
1 52509U 22050A   22264.54298611  .00001400  00000+0  19048-4 0  9992
2 52509  41.4731 351.8425 0004624 349.5071 205.7485 15.62580968 79834
PROGRESS-MS 20          
1 52795U 22059A   22264.70851653  .00009386  00000+0  17101-3 0  9995
2 52795  51.6422 218.3938 0002276 282.3985 138.6673 15.50204806360158
SHENZHOU 14             
1 52797U 22060A   22264.54298611  .00001400  00000+0  19048-4 0  9992
2 52797  41.4731 351.8425 0004624 349.5071 205.7485 15.62580968 79833
ISS DEB                 
1 52952U 98067TP  22264.49530652  .00077073  00000+0  98192-3 0  9998
2 52952  51.6394 217.1128 0000807 215.1227 144.9712 15.58633539 12537
CSS (WENTIAN)           
1 53239U 22085A   22264.54298611  .00001400  00000+0  19048-4 0  9991
2 53239  41.4731 351.8425 0004624 349.5071 205.7485 15.62580968 79835
1998-067TQ              
1 53305U 98067TQ  22264.82155361  .00044368  00000+0  67187-3 0  9999
2 53305  51.6396 217.0298 0001540 211.2540 148.8359 15.54204111  9665
YUZGU 8                 
1 53306U 98067TR  22264.87333932  .00050025  00000+0  73898-3 0  9990
2 53306  51.6394 216.6279 0001252 192.7221 167.3738 15.54831657  9676
1998-067TS              
1 53307U 98067TS  22264.87294824  .00050035  00000+0  73902-3 0  9994
2 53307  51.6391 216.6229 0001836 184.3138 175.7838 15.54834769  9706
YUZGU 9 (RS3S)          
1 53308U 98067TT  22264.87323387  .00049365  00000+0  73119-3 0  9996
2 53308  51.6394 216.6268 0001556 181.3208 178.7779 15.54763864  9734
YUZGU 7 (RS1S)          
1 53309U 98067TU  22264.87053785  .00049602  00000+0  73045-3 0  9991
2 53309  51.6389 216.6068 0001109 213.6523 146.4398 15.54920671  9684
YUZGU 11 (RS5S)         
1 53310U 98067TV  22264.87290312  .00049294  00000+0  72995-3 0  9992
2 53310  51.6394 216.6253 0000967 206.1676 153.9266 15.54771496  9715
YUZGU 12 (RS6S)         
1 53311U 98067TW  22264.86583731  .00053062  00000+0  77497-3 0  9992
2 53311  51.6389 216.5749 0001903 168.8665 191.2369 15.55116257  9732
TSIOLKOVSKY-RYAZAN 1 (*)
1 53312U 98067TX  22264.86865890  .00050455  00000+0  74260-3 0  9990
2 53312  51.6394 216.5957 0001074 226.5467 133.5434 15.54928269  9679
TSIOLKOVSKY-RYAZAN 2 (*)
1 53313U 98067TY  22264.86695371  .00049441  00000+0  72659-3 0  9999
2 53313  51.6394 216.5848 0000617 212.5388 147.5565 15.54978137  9723
YUZGU 10 (RS4S)         
1 53321U 98067TZ  22264.87332661  .00050737  00000+0  74943-3 0  9997
2 53321  51.6396 216.6298 0001327 187.8905 172.2066 15.54828001  9727
YUZGU UA                
1 53322U 98067UA  22264.87199734  .00049413  00000+0  72891-3 0  9999
2 53322  51.6393 216.6185 0001432 181.5312 178.5675 15.54875531  9679
HSU-SAT1                
1 53462U 98067UB  22264.19875273  .00037681  00000+0  59105-3 0  9995
2 53462  51.6391 220.3672 0005031 280.7725  79.2699 15.53297754  6195
FUTABA                  
1 53463U 98067UC  22264.25726398  .00044834  00000+0  68920-3 0  9999
2 53463  51.6387 220.0080 0004802 280.0072  80.0377 15.53776604  6205
TUMNANOSAT              
1 53464U 98067UD  22264.70164083  .00050196  00000+0  75645-3 0  9997
2 53464  51.6383 217.7272 0004635 281.3049  78.7420 15.54274181  6274
1998-067UE              
1 53767U 98067UE  22264.87936368  .00028534  00000+0  47511-3 0  9996
2 53767  51.6409 217.4152 0003055 329.6930  30.3882 15.51784457  2410
BEAVERCUBE              
1 53768U 98067UF  22264.75192270  .00029869  00000+0  49936-3 0  9995
2 53768  51.6405 218.0637 0001039 356.0234   4.0747 15.51648149  2407
CLICK-A                 
1 53769U 98067UG  22262.94751405  .00039587  00000+0  65641-3 0  9995
2 53769  51.6416 227.0130 0001262 334.9657  25.1271 15.51738242  2118
1998-067UH              
1 53770U 98067UH  22263.78195039  .00052445  00000+0  84703-3 0  9993
2 53770  51.6405 222.8367 0002532 316.5743  43.5048 15.52346554  2248
JAGSAT                  
1 53771U 98067UJ  22263.33069113  .00056413  00000+0  90799-3 0  9999
2 53771  51.6402 225.0716 0002477 315.2911  44.7879 15.52411215  2163
ISS DEB                 
1 53772U 98067UK  22254.25285730  .00041009  00000+0  70752-3 0  9998
2 53772  51.6403 270.1930 0002389 221.1622 138.9187 15.50604324   765
SOYUZ-MS 22             
1 53879U 22116A   22264.70851653  .00009386  00000+0  17101-3 0  9993
2 53879  51.6422 218.3938 0002276 282.3985 138.6673 15.50204806360152
SL-4 R/B                
1 53880U 22116B   22264.94078282  .02006434  12039-4  59679-3 0  9999
2 53880  51.6552 217.1387 0017780  69.6115 290.6830 16.25860154    62
